1109
197
159
43
204
21
9
356
28
-7
-223
-262
-220
-101
71
-412
-263
65
-107
-75
-372
23
-255
-24
-218
129
335
62
228
-199
507
184
495
-123
106
232
-4
-21
-177
-179
-35
121
102
-104
152
71
-495
99
2154
249
150
295
-5
-69
683
-249
-15
21
73
-207
571
-113
-524
175
365
-169
95
-248
-121
108
155
381
-125
173
336
223
350
347
1
397
328
551
224
375
-47
-131
99
-519
63
173
-179
177
275
-103
178
669
421
-67
207
178
157
-112
463
-425
-1039
-203
486
-337
188
497
113
11
611
134
170
-67
-14
-446
61
26
85
-128
118
-141
262
56
-29
-202
940
-115
-297
-42
100
115
274
-61
172
75
179
58
-76
157
228
325
817
275
-57
181
-255
-414
147
14
-403
5
145
-27
-19
62
-119
144
702
229
-471
-204
-26
-135
125
236
38
225
279
2
-338
-67
195
218
381
-141
257
30
-144
180
-163
-21
95
-197
65
-90
-28
146
33
93
393
29
-100
-192
70
-19
32
448
215
-23
-40
-36
-214
109
204
132
730
-94
92
-32
-97
-22
30
356
-248
266
-234
-178
51
14
-204
-430
668
-41
79
-230
-35
-95
113
-318
104
9
-49
-122
-361
127
-15
166
294
-103
-147
-160
-36
235
-290
460
-32
-165
-3
-250
26
1
196
-26
363
-59
-265
-271
313
-97
-96
-71
29
237
-155
-31
-41
375
-84
-131
289
-152
55
137
-39
-184
-71
-86
-177
-64
-63
67
-33
-116
63
374
778
-365
-223
-35
390
269
-80
-109
147
-246
-424
152
48
-136
127
-132
180
-9
-497
275
-216
27
-140
-175
403
-120
-196
-248
94
268
217
200
499
185
-84
77
-32
-89
-19
248
401
153
40
157
172
-21
95
250
922
54
48
34
185
66
-398
-50
110
130
31
-7
5
-41
148
-355
-140
-60
176
238
-129
-164
-46
-94
84
-200
213
283
-165
151
-308
-241
481
167
19
88
264
-331
-332
-63
-53
-367
91
206
64
-229
-30
25
1302
134
261
-60
146
311
262
-484
-157
-131
-72
551
411
39
134
19
588
38
165
44
210
21
-172
184
167
203
-2
-51
-123
377
-80
-171
142
-219
-211
-80
-41
-39
-84
-94
-32
173
-7
142
-1
77
314
72
