877
30
-184
243
-354
280
-148
64
-406
478
-92
-46
52
-86
186
-312
-213
-386
-22
-97
-124
-70
-168
298
94
-298
-34
-80
450
44
102
-78
491
-57
-64
-4
-442
31
113
-261
95
283
94
-170
-124
235
-139
-33
1268
-60
-65
105
132
-114
-170
-31
100
-460
-596
116
-337
-598
54
216
-335
-6
430
380
238
227
42
49
56
418
467
-36
44
62
99
164
140
-710
-481
-45
-314
190
314
-149
-470
104
526
-400
-191
116
-122
22
251
236
-368
76
416
157
470
-173
-514
390
-97
-396
156
240
-567
294
516
234
-77
-249
-53
-244
-60
102
16
-136
201
87
-295
-166
8
132
448
80
90
-173
-98
42
-291
-140
-80
162
396
25
-178
-96
-167
220
547
137
-81
-239
-67
214
271
74
-65
-339
-255
91
-15
-56
-159
54
938
243
-225
-8
-32
-21
-111
-176
-18
-169
153
-42
-568
119
7
150
278
-218
121
-51
-107
149
-61
62
106
-124
161
23
-81
257
-49
30
541
-147
-225
-25
-64
-115
145
141
105
41
-141
-113
-178
185
-127
89
654
226
121
-182
209
-80
-11
-272
-94
-354
167
-52
143
-48
75
-6
589
-67
239
-364
-76
117
-55
20
-113
87
199
36
116
-253
-371
-56
697
-53
-141
128
-405
79
-50
118
-129
105
269
-38
-107
-159
-78
-236
628
-227
59
-85
142
-205
-72
67
-42
-7
-141
67
60
-197
-130
83
517
-12
-287
-266
-29
-68
-91
-115
-133
112
95
218
165
-60
-221
191
1077
137
-160
75
-200
270
313
338
-104
-144
-143
174
-147
-511
-57
17
-99
27
-124
-169
-54
-148
123
-280
-22
224
-49
356
-323
-359
-15
9
259
-86
-46
-59
78
108
-15
26
23
-102
-120
-45
76
144
113
142
735
-36
-589
236
-77
-97
-83
73
149
-60
-58
-289
79
-289
-47
85
-147
274
161
98
-165
-293
391
197
39
210
-46
179
-261
-277
271
-139
469
46
-153
124
166
-138
-10
99
125
104
-15
-340
-124
-132
-202
-3
1171
95
107
-223
102
132
-24
-255
128
752
-442
150
-350
94
361
-202
-177
-71
153
135
550
216
224
23
-194
580
-214
-202
-190
-294
-181
62
468
181
-77
-36
-189
119
-6
-160
-156
-171
17
74
-59
-181
66
126
