-443
-1706
128
294
-1174
1219
1217
-39
335
178
-192
743
-603
2235
-140
116
1092
60
-98
-853
301
-1369
731
1662
-709
878
1284
-1632
-1476
584
-410
706
835
728
1321
684
1219
-1232
-21
-161
-1643
263
-1082
1449
-825
541
224
-944
-2223
-61
-1035
629
519
1732
605
-660
389
-1034
-20
-50
0
-326
1121
-1919
438
917
748
591
41
693
582
-262
-387
-303
-1511
-240
121
322
1478
-360
638
818
963
-1016
217
243
-1032
-760
1108
-135
399
90
-651
-573
454
-973
799
582
-842
-272
-1217
-2256
1009
-532
335
239
21
-1029
-970
-384
-1215
-1082
1507
57
-1247
-43
-1156
-1382
-268
976
131
672
-1196
-472
-269
-1243
-1352
953
11
-661
825
237
-1014
1371
296
1514
1165
-701
-1323
-75
-339
-864
509
1524
-560
-868
-253
678
-875
-1231
-123
-67
496
-610
-154
-446
-82
1571
-622
-1380
480
-926
36
-643
548
566
-209
-2104
135
1631
1042
-1619
-81
-698
-1050
-1264
295
-440
57
-377
-477
379
745
2162
-1390
-1048
1062
-400
-1415
323
1590
724
2004
516
1909
-348
-1168
-217
1218
-1143
650
-616
564
-1127
88
-2053
-505
473
-329
1266
-647
-2381
-1262
1080
-116
388
966
-2172
-661
-722
-1043
-187
1557
-40
1256
-713
7
-802
601
-258
491
684
-81
910
2364
537
-13
935
57
-1134
497
-6
-283
1307
1908
-536
105
-828
696
-2422
1013
224
267
1242
-282
-137
-1301
-1704
-721
287
-555
-1366
1098
-730
-12
-1
-256
406
-271
-1704
-1054
248
-1287
-356
-964
-1203
-1046
-412
177
-119
1089
-252
-1554
9
73
324
511
1308
-561
267
-14
-595
2187
-264
-1444
1812
333
-1146
635
1300
-918
138
-143
-1192
1212
-16
549
-734
-672
321
109
1892
-282
2265
1544
-1992
-1721
-588
-191
9
857
-740
-739
-207
-21
285
1083
636
-1793
714
830
651
1341
334
-690
-153
-2508
484
119
-606
-671
-1107
-49
388
-339
-512
-37
-179
-981
1323
451
1311
-510
-1146
827
42
-775
-92
-2057
1109
-1005
-705
1371
-932
-423
-519
1658
82
-1107
-1152
1777
1983
1674
-1287
-219
-204
314
-587
-1002
-458
1108
2429
234
-274
718
-500
1907
1133
-1257
-686
1373
397
402
-1749
233
702
-653
-1027
-191
-1080
-74
285
1406
184
-556
1673
844
236
687
-521
876
274
639
-1073
1572
444
-1964
481
1304
653
1413
1351
-932
-2361
1831
400
20
-416
-1572
226
-1408
-860
-214
774
384
-1378
1517
33
1915
-1238
-802
-786
-110
-1001
-988
-2437
-859
263
-189
-172
-120
172
-514
-722
520
-432
234
-983
-150
762
-912
142
-242
-78
-368
-2128
-147
1426
667
-387
-678
254
-393
-542
56
1283
-2581
598
-1033
966
-2483
-230
59
-435
-208
-1550
-1154
-835
375
-601
1574
143
-1908
-466
-668
105
-226
-286
-752
-67
-1479
627
-1356
-678
-150
254
-79
1779
1660
641
94
-827
-473
-1440
-384
-483
1793
771
66
-300
84
784
2290
334
883
695
568
1025
1289
45
-322
232
1020
1245
-556
934
-177
-345
554
954
-584
-1535
-52
566
85
1615
-339
814
-804
-1294
682
-1427
-1332
-620
-1525
571
-285
-1325
-910
-1011
-74
-2473
-711
-1425
337
612
150
-104
-2699
28
-898
-272
-336
-1187
593
245
-360
913
1616
-1135
-27
-1138
768
512
-530
-573
-772
948
-255
-154
-1289
320
2754
296
-1457
252
-1471
152
-1734
736
1169
1589
1416
-777
453
932
-1100
206
781
-1320
-976
796
-7
537
1396
493
-806
770
-171
-836
2144
82
-960
650
1722
607
809
107
-163
891
-200
77
-540
-702
-275
-1217
254
104
-42
-2302
-524
255
378
183
-39
-1642
347
-135
496
613
-89
333
-344
-331
-392
-977
239
1264
-593
-514
740
40
1578
-1742
-1059
-783
2228
441
-455
30
-324
1001
18
837
719
-237
-117
131
-819
-245
-92
-1048
960
-1159
-728
-1198
1090
-697
-1768
832
1476
688
141
-881
-771
1259
1178
-623
825
222
-383
-852
293
-1863
-1611
2063
-74
2691
-250
177
945
-183
-535
1466
-891
826
-523
761
868
-850
545
1057
-1078
370
-38
-1258
-282
-165
-1110
-2002
-932
-6
-1765
1293
-615
-2114
113
1523
54
165
-28
177
903
186
773
520
135
286
-1007
-967
-14
362
-917
831
112
2797
420
-1339
393
511
-524
240
-613
21
429
1219
789
-2708
292
845
-9
879
793
1337
1261
981
-1695
-1015
701
-999
-622
703
20
1089
-1374
491
-1674
-1478
300
-144
-1158
-300
-597
-918
254
-1526
321
-2074
541
351
776
-709
696
-1099
921
-2174
291
-751
-792
155
-345
994
-110
1037
-487
70
408
1143
635
-295
-1405
-703
339
-1022
298
1133
250
168
415
1245
1483
-1050
210
602
-271
2555
876
-872
831
717
778
-1754
1573
-1649
1136
-1137
394
988
837
37
-949
-115
-823
-1705
-924
602
567
-426
63
468
203
263
2130
-2332
347
296
678
-595
909
175
869
986
1353
-66
1348
233
-1464
-154
-518
-1771
-428
-630
738
347
904
291
-150
-92
296
1192
825
-1389
123
-228
585
-308
1161
-184
-1503
1428
451
578
-711
853
-2292
1123
-2
-1654
-1259
212
226
-1031
-464
1432
-474
33
817
918
141
-1658
-1687
438
-755
578
-1418
471
644
388
-1038
-356
452
-1629
-719
-1104
1026
1770
726
-766
234
-229
-874
353
112
-1161
-700
-285
670
-1279
-612
-494
1006
1804
1461
933
334
71
-1536
-429
-22
233
-1033
-681
571
-1218
-795
277
1571
-1078
640
-817
-322
-617
1289
879
-2156
-370
566
-1594
-212
-436
505
-892
81
-535
-1448
-394
-469
-299
-309
-1627
1120
1355
-130
-755
218
-411
66
-1801
1727
335
733
1636
-2115
-762
180
540
-567
305
-1257
-195
-309
979
-547
-923
-914
285
-764
1641
588
328
-156
323
1375
-2292
