0
-2998
586
-867
3662
-826
-2129
-41
-755
3999
-1483
-1221
-900
-280
3946
-1836
-444
-1836
458
3515
-1808
55
-2675
1309
2792
-1395
186
-3264
2103
1917
-665
-73
-3497
2677
1060
249
-669
-3335
2913
387
1183
-1482
-2817
2758
29
1966
-2352
-2049
2231
55
2457
-3106
-1184
1426
462
2571
-3595
-395
489
1171
2297
-3720
161
-411
2047
1695
-3452
371
-1109
2922
890
-2835
189
-1480
3628
47
-1983
-355
-1463
4028
-665
-1054
-1163
-1069
4046
-1099
-219
-2083
-385
3677
-1163
368
-2944
450
2991
-836
599
-3586
1265
2118
-173
439
-3890
1895
1224
708
-77
-3801
2209
480
1647
-841
-3341
2137
26
2470
-1699
-2601
1683
-53
3029
-2480
-1728
925
256
3224
-3027
-892
0
891
3026
-3225
-257
-926
1727
2479
-3030
52
-1684
2600
1698
-2471
-27
-2138
3340
840
-1648
-481
-2210
3800
76
-709
-1225
-1896
3889
-440
172
-2119
-1266
3585
-600
835
-2992
-451
2943
-369
1162
-3678
384
2082
218
1098
-4047
1068
1162
1053
664
-4029
1462
354
1982
-48
-3629
1479
-190
2834
-891
-2923
1108
-372
3451
-1696
-2048
410
-162
3719
-2298
-1172
-490
394
3594
-2572
-463
-1427
1183
3105
-2458
-56
-2232
2048
2351
-1967
-30
-2759
2816
1481
-1184
-388
-2914
3334
668
-250
-1061
-2678
3496
72
664
-1918
-2104
3263
-187
1394
-2793
-1310
2674
-56
1807
-3516
-459
1835
443
1835
-3947
279
899
1220
1482
-4000
754
40
2128
825
-3663
866
-587
2997
-1
-2998
586
-867
3662
-826
-2129
-41
-755
3999
-1483
-1221
-900
-280
3946
-1836
-444
-1836
458
3515
-1808
55
-2675
1309
2792
-1395
186
-3264
2103
1917
-665
-73
-3497
2677
1060
249
-669
-3335
2913
387
1183
-1482
-2817
2758
29
1966
-2352
-2049
2231
55
2457
-3106
-1184
1426
462
2571
-3595
-395
489
1171
2297
-3720
161
-411
2047
1695
-3452
371
-1109
2922
890
-2835
189
-1480
3628
47
-1983
-355
-1463
4028
-665
-1054
-1163
-1069
4046
-1099
-219
-2083
-385
3677
-1163
368
-2944
450
2991
-836
599
-3586
1265
2118
-173
439
-3890
1895
1224
708
-77
-3801
2209
480
1647
-841
-3341
2137
26
2470
-1699
-2601
1683
-53
3029
-2480
-1728
925
256
3224
-3027
-892
0
891
3026
-3225
-257
-926
1727
2479
-3030
52
-1684
2600
1698
-2471
-27
-2138
3340
840
-1648
-481
-2210
3800
76
-709
-1225
-1896
3889
-440
172
-2119
-1266
3585
-600
835
-2992
-451
2943
-369
1162
-3678
384
2082
218
1098
-4047
1068
1162
1053
664
-4029
1462
354
1982
-48
-3629
1479
-190
2834
-891
-2923
1108
-372
3451
-1696
-2048
410
-162
3719
-2298
-1172
-490
394
3594
-2572
-463
-1427
1183
3105
-2458
-56
-2232
2048
2351
-1967
-30
-2759
2816
1481
-1184
-388
-2914
3334
668
-250
-1061
-2678
3496
72
664
-1918
-2104
3263
-187
1394
-2793
-1310
2674
-56
1807
-3516
-459
1835
443
1835
-3947
279
899
1220
1482
-4000
754
40
2128
825
-3663
866
-587
2997
-1
-2998
586
-867
3662
-826
-2129
-41
-755
3999
-1483
-1221
-900
-280
3946
-1836
-444
-1836
458
3515
-1808
55
-2675
1309
2792
-1395
186
-3264
2103
1917
-665
-73
-3497
2677
1060
249
-669
-3335
2913
387
1183
-1482
-2817
2758
29
1966
-2352
-2049
2231
55
2457
-3106
-1184
1426
462
2571
-3595
-395
489
1171
2297
-3720
161
-411
2047
1695
-3452
371
-1109
2922
890
-2835
189
-1480
3628
47
-1983
-355
-1463
4028
-665
-1054
-1163
-1069
4046
-1099
-219
-2083
-385
3677
-1163
368
-2944
450
2991
-836
599
-3586
1265
2118
-173
439
-3890
1895
1224
708
-77
-3801
2209
480
1647
-841
-3341
2137
26
2470
-1699
-2601
1683
-53
3029
-2480
-1728
925
256
3224
-3027
-892
0
891
3026
-3225
-257
-926
1727
2479
-3030
52
-1684
2600
1698
-2471
-27
-2138
3340
840
-1648
-481
-2210
3800
76
-709
-1225
-1896
3889
-440
172
-2119
-1266
3585
-600
835
-2992
-451
2943
-369
1162
-3678
384
2082
218
1098
-4047
1068
1162
1053
664
-4029
1462
354
1982
-48
-3629
1479
-190
2834
-891
-2923
1108
-372
3451
-1696
-2048
410
-162
3719
-2298
-1172
-490
394
3594
-2572
-463
-1427
1183
3105
-2458
-56
-2232
2048
2351
-1967
-30
-2759
2816
1481
-1184
-388
-2914
3334
668
-250
-1061
-2678
3496
72
664
-1918
-2104
3263
-187
1394
-2793
-1310
2674
-56
1807
-3516
-459
1835
443
1835
-3947
279
899
1220
1482
-4000
754
40
2128
825
-3663
866
-587
2997
-1
-2998
586
-867
3662
-826
-2129
-41
-755
3999
-1483
-1221
-900
-280
3946
-1836
-444
-1836
458
3515
-1808
55
-2675
1309
2792
-1395
186
-3264
2103
1917
-665
-73
-3497
2677
1060
249
-669
-3335
2913
387
1183
-1482
-2817
2758
29
1966
-2352
-2049
2231
55
2457
-3106
-1184
1426
462
2571
-3595
-395
489
1171
2297
-3720
161
-411
2047
1695
-3452
371
-1109
2922
890
-2835
189
-1480
3628
47
-1983
-355
-1463
4028
-665
-1054
-1163
-1069
4046
-1099
-219
-2083
-385
3677
-1163
368
-2944
450
2991
-836
599
-3586
1265
2118
-173
439
-3890
1895
1224
708
-77
-3801
2209
480
1647
-841
-3341
2137
26
2470
-1699
-2601
1683
-53
3029
-2480
-1728
925
256
3224
-3027
-892
0
891
3026
-3225
-257
-926
1727
2479
-3030
52
-1684
2600
1698
-2471
-27
-2138
3340
840
-1648
-481
-2210
3800
76
-709
-1225
-1896
3889
-440
172
-2119
-1266
3585
-600
835
-2992
-451
2943
-369
1162
-3678
384
2082
218
1098
-4047
1068
1162
1053
664
-4029
1462
354
1982
-48
-3629
1479
-190
2834
-891
-2923
1108
-372
3451
-1696
-2048
410
-162
3719
-2298
-1172
-490
394
3594
-2572
-463
-1427
1183
3105
-2458
-56
-2232
2048
2351
-1967
-30
-2759
2816
1481
-1184
-388
-2914
3334
668
-250
-1061
-2678
3496
72
664
-1918
-2104
3263
-187
1394
-2793
-1310
2674
-56
1807
-3516
-459
1835
443
1835
-3947
279
899
1220
1482
-4000
754
40
2128
825
-3663
866
-587
2997
